35647473 63002249 1601145
39187192 3778128 46136427
87995356 61504564 31762438
32354479 1865286 42000932
89372752 44731353 13959849
67108945 30741804 91015962
45336795 11297745 36863879
69908578 50366513 89027012
269647 75074257 58011197
98187444 40294860 51215875
82005677 81458303 49041248
71775581 43497248 30329772
9949143 82612743 89428309
98544851 17111100 58604751
80165802 16646531 37346096
55512181 66486196 18827892
42101993 35739358 56369660
69833167 79607296 74779378
49317329 85217956 16802467
21335460 92050119 97884156
22334193 41571783 6413630
9045188 15077595 1589401
48501693 8776907 95516985
64065990 74629989 34718636
8267618 91358428 6138024
75148679 10791157 13485086
90097503 50512543 39177141
23518098 1346755 55371696
69968318 44703058 10696818
8857692 5441382 84779030
84626825 88598135 99380311
91000475 61541577 1463987
33541649 89135521 25499416
81190794 95889862 66247919
9115393 88913209 63377640
22524737 47923582 22125595
67801816 54964150 56076661
65725203 579202 60910042
31701777 31692826 78950571
11168517 3071596 47163157
11805185 14576923 34016908
94614318 41696629 58503847
49388634 76555275 60445679
32716871 96223615 10296156
90502663 21793846 21210756
38242490 29605670 42003054
77696882 30857962 16259364
73199892 57125535 62384786
7305749 58102782 50574917
75145342 51051830 43084056
93872744 26821997 68923776
34968238 99635334 60031622
88304450 74397568 28850810
62584616 93784532 63514368
44893723 40674729 71260188
96974912 91835820 72045974
23145637 81792554 84941247
27758853 52751383 6186303
83935149 87472517 89597965
39712514 37603043 23823572
92069359 30385277 57135851
90568465 48486612 69534196
97291307 42155896 17008482
99431575 11044632 29498412
34133647 33995217 58227395
87789786 59519703 22758568
61623006 99775606 342321
54687174 10512630 27313401
27591542 4487977 52321038
79341788 48205858 71522900
60533095 56396809 4513601
60435449 11611795 92131757
48170471 31245537 21694765
18888782 27771404 94682113
40610831 52630285 21107820
26315317 77303491 3212991
7216194 38729691 79838847
36040379 14578629 17660142
27836725 62881357 433902
97242201 39627513 93494979
86377580 13933076 11003612
17915829 10981365 83493134
21890425 86074339 12894441
63810292 55184845 58305301
42085432 13709779 800102
33874677 39915743 81407471
87063578 78931510 69646542
18069873 35484496 54589614
40596735 99821449 13243771
20875089 90900024 43656571
58901081 28601520 1017188
98078665 14176374 21417041
88491502 75920191 1351547
67440372 33475888 71394929
97107089 55004651 19790227
41017002 49394702 55326859
8818774 38582424 60742626
67986347 46998701 72977647
15729782 81615242 87492607
94891760 84358587 18732140
78205400 56916521 19181043
64398064 6994543 20354792
30416377 18453264 82043034
46720421 11057882 77406498
80702536 97438961 90235736
57161990 52605075 35824997
98631888 68499821 34534580
43357913 35639215 71294232
97546263 71578223 33443742
67652255 31963343 42352180
54199155 20714677 30333161
88863595 73774675 90404118
82386764 80256720 15038183
55436917 18380373 45546377
37645414 31696510 54160468
74857 54320080 42439986
73369943 43301516 90991193
36362466 68704212 52750177
21984184 95251391 16981076
15674633 92164852 92392938
58832455 97073524 95302739
14378324 24713026 89160092
64342276 20284417 28099799
5963492 8266180 83322125
68126147 30784922 92622286
85055863 33207119 78654084
18392393 93084758 71893107
63865009 77911735 83019539
92279653 92797165 19288853
73052620 15782957 99796473
74874139 79393076 69873228
7867645 77008206 27107230
6695655 59706046 30138345
40538378 6421650 95326207
71959436 84128384 41830127
60760116 19019380 65270401
93573867 63650678 2556419
87939810 34041101 7567908
87439721 16716531 5983973
13193366 88399353 89654434
90114922 55674476 86820542
1744775 44838964 26153911
83492614 95717680 27200991
57881312 64519808 54635454
9115611 56988429 5183665
20521865 53620739 27578849
39766660 66835051 66129878
42214145 57491712 88486993
96458930 99410312 33172552
52629398 85140341 47198160
80013061 84368437 34978408
82891761 15628601 95082074
43536734 38443334 19260100
71313139 92437014 51522705
20757456 31644958 24806547
16605914 94914773 65362597
63993282 41044947 11294500
33944409 73312822 8371003
25542637 54825465 70097367
82608395 3197353 15908271
30259250 1513357 39918058
19439333 60963821 96967364
49752496 42771487 34099043
91147067 92946725 87794192
21270019 77800917 24988081
6873178 96368517 53417399
41302788 9401861 55513331
25931222 52726151 79431275
51416990 78458157 20359746
66098202 53266806 8346006
94666997 22065593 67396535
40426180 70274769 35300472
41065139 36662621 59466354
58140974 74521378 43591710
26879555 16367685 10289800
63472430 6731129 67475437
19956874 22318906 79396095
83463054 2853646 51880459
34381050 75603608 61509139
43052453 14900783 75881782
83815723 41717910 91094302
97971549 7707137 53384019
36446157 97487392 32812782
42910498 90028329 82063149
67522789 23676594 18136650
96794410 18989785 49899181
48989495 54884620 90419755
31504295 70879713 28107276
43982293 29710024 1177943
21827444 86372912 40036403
11083862 32409924 85924138
54058216 96633072 68023473
76069777 15693218 96828574
94874750 75085266 71854335
53423321 9779681 77761529
55141575 66880807 42219540
15506438 40676027 40323340
33683200 3374994 7685729
79660342 73114820 5127049
45648726 97911216 18830017
7626466 24661222 75404544
21115955 11424695 91373658
58053851 43791316 94414861
36778421 18639896 32190090
52019446 20424531 83758357
38947736 75679760 73952075
50855458 9518605 17714048
85666884 87482752 9979521
40682421 97882916 99048969
60911393 54204817 57694285
66530456 54807635 85065832
93197500 58423807 18563019
18044560 71562466 18139921
16178729 67397637 19149837
18493899 27104721 68193946
76019036 94323789 66325754
30738493 30078915 90606816
81770499 93363224 27918780
13892600 57326070 85451971
73408500 67444319 75600429
97141861 21828424 15869771
3601051 14128083 34565353
99766019 7663860 98685938
72995540 69668277 84013110
17018089 96557783 28204892
14512062 72674540 72341124
8757526 26445010 35406398
24512468 174059 1366732
20708084 98427798 56622333
78238331 47537843 97516120
7595335 21623119 73201681
52624077 10519890 62093930
95553327 41327094 43514931
54017928 45493035 99875285
83887436 59224563 20369205
84102792 84215178 86430113
24251247 17692703 18218290
25939124 63485132 26699728
1205465 38850579 89971806
13381190 69614662 43057498
85439840 30160730 44827939
1509056 68712802 63366177
68711281 50604376 33479573
25854676 80295388 23582922
44433953 36306382 47575276
56727955 56791797 91145920
27203276 60981750 5457365
52465396 58077423 65017172
39840457 59004733 87144322
44404770 61005740 52754340
97061416 12393153 43065563
90127116 53754985 10149257
85016178 22234787 63613083
51659463 46947641 157020
8381173 59128989 27569473
52238394 86958574 79705708
60830413 97254606 90932477
71268554 86725071 20914819
96260912 27982315 4560127
68912928 29242953 8455431
1789787 36458863 49422967
257576 69522931 4650125
1819001 20860996 88838712
17784176 23620854 44645114
70827752 17154505 15624027
63741280 82822274 80079361
66779531 439959 6013722
4496967 1029983 24542191
68070501 15969857 92604349
45523232 37741700 27837331
88884191 25323895 59924509
59778966 48400328 93079070
58952749 34737821 21232953
80129168 80067185 27996758
77757809 31331477 78792755
66616771 62264038 43979450
73780647 90397195 72416424
3657077 42087512 44715587
87320856 95520663 47509047
9868680 72828738 84047890
42272689 80761188 31197622
6810106 39543699 57743912
72311308 86620656 68414712
24774738 60090152 22335294
79297615 90950163 97086826
25267903 54943525 35091489
88117342 14025667 41015849
5761358 76874823 62367434
78642614 96554629 41446511
67148058 35825086 5279853
37271353 2583202 63781836
4656721 83298410 60131666
84383912 52928390 98811958
68308106 50167828 84939155
84173304 73327001 4011880
56222341 88696675 46963039
57006078 97535552 44482916
48198125 6138293 48834397
62407137 7805822 71555630
18410694 75139535 22343020
98725404 25396902 7958329
48883899 3645550 62531012
26504853 40516764 77467579
9680367 88352492 23203401
72686438 40896169 71452060
38028460 47602956 78223435
32208720 62085254 58536593
68609363 93646777 45509217
55532509 97037282 81737756
9223293 4176747 86020319
98663073 17951828 10550312
71197891 27887964 60371662
95952428 35076395 27913021
93445558 79350557 21767708
29148637 32969980 78551278
38784045 2606200 96727864
55907523 68289121 2354177
12020884 18523606 60415324
29437191 41727490 72869175
36495309 58644209 84333939
91044438 43326237 20644427
17246728 16277831 77082323
33706956 11110639 853147
47596384 19161188 44648060
72620525 73762979 36586719
85431116 54119141 60135966
61671558 18220618 21810910
93725004 95562735 65622792
81284269 90610673 74050740
73141682 69221464 91723064
44434128 96365110 31304511
85616846 75855972 85126724
47581076 54386308 3125560
53263292 73306271 45815444
40948446 14358383 17055061
62591064 21629424 45286307
37749933 6174374 68246775
49134170 9981565 59183487
74861522 4710376 65659307
900289 66093836 42290792
31667330 74050370 31685824
96853766 24438506 21333325
80668881 43775586 91743127
69292186 32605198 96831804
82649745 19504645 37005661
26306661 51961989 2032724
38215507 2974905 83230364
63493633 98402731 3988055
34492623 19634183 46924637
47743014 44579948 41114910
91484517 22126981 15185355
46606360 66453600 33114510
69712555 26694511 89268540
22468359 40445490 51541142
54174597 22123716 1397054
36392732 1767114 16588283
86683371 11710443 10355070
29631353 48136245 7295694
4924866 950959 24844390
47837429 80777133 64755579
52226815 69201897 15671553
69606033 66993628 74676523
42548390 72593574 78136824
68605422 81375763 54590316
67816956 45002705 41025989
16929604 65496048 9371194
43127008 97099275 58189273
10860533 6852771 14841257
77074618 80873181 25006544
2566019 88479185 65079213
85659185 65730792 86394806
81165945 26874749 99972997
25730017 23189465 54601901
73340050 19844696 29374879
18390171 55288357 75110690
57644223 89939478 56309968
25494519 9416301 28601633
11737107 72914381 27322884
42900814 85591850 21019730
21603655 26978378 35488437
15381868 16275765 66578815
73585190 61325821 91861128
43954049 81098466 96178208
4197416 19498942 48813534
59637853 26086184 488783
23187339 77315346 54754770
79653077 44510996 19114488
98071732 91419303 96930034
66422360 98623748 28018322
61693013 29952472 5156869
38439011 28629569 59657032
44341058 97659206 1628777
18653347 8855963 69369913
64706259 37578794 82458964
97345167 56350016 47332875
92573903 57096043 90411173
29543717 45614253 46424080
41564036 65266395 56451327
90840902 60227784 72400485
65805213 74559136 47163052
54343798 46767975 57748245
43821040 14498442 30815372
37427863 64688576 99744323
33652734 40026709 75026087
66887752 47336061 43985820
18073582 56111840 29050373
46952702 63817650 24441683
67561500 89425478 22597589
54892025 15633998 62889049
91030507 36959383 80098342
75354257 52805290 35631478
58677691 67039224 34661989
66052169 36415556 2304041
84193762 18125953 82683648
16980012 64233464 90978291
812122 6685190 91516367
80080245 41284436 50849501
35210891 35624536 60989758
34847992 38892055 89839509
11249654 18958870 93257903
47834516 87850287 73495228
76388462 53503445 93151035
32120219 55925140 45377284
63564884 45417651 8859535
30305025 54509275 79856589
95275295 21294252 55351372
16241189 2645431 56911380
58717547 1475242 87714621
35986817 72850859 60122239
67645216 7955081 87951571
61586472 88421638 23505237
36472749 30711846 64733733
52499948 20580604 48941783
55416953 75122784 25536637
83488656 41255014 1812235
12437510 83151700 3131981
54314951 11810715 2337793
70059915 95046733 69425436
80678053 9320256 66529275
534075 75489745 33219852
14106904 34447057 45694733
66392089 54478964 49362893
89920058 73374145 31815200
79317020 35546118 95302525
29711399 62232543 98311049
60048954 69778 52816492
4083303 85894969 63880128
22107076 88422395 32244366
98937033 5932303 94018532
24304195 31804366 79957961
71729992 29150101 8795367
68907900 12910542 92342839
60065317 94629538 72606152
77844313 85204083 87797754
64797467 409028 69605025
24818010 65119871 23347303
99682318 77298270 8189181
50601641 80831521 69445232
68344495 92481166 75010115
94185159 87757783 1563960
62616321 64326210 21104668
49948057 30987174 85484338
31178206 40591295 41827118
95401338 95125764 24725827
98092926 69499976 68933141
85230653 82636956 84723979
94209948 68388368 66766206
25061559 51906169 85263718
98235733 20826927 63249287
77541154 72173423 17619330
86909932 54744469 31500155
30210762 98103591 20425957
43259029 90993164 45467721
4539538 38907177 47206364
14228796 20088474 15523801
37755068 14490976 71830997
82203271 85549253 44564421
561787 15815229 29059921
12848644 57688614 26792312
692465 55886117 43741137
81231656 59880593 29630554
81043442 72824789 47915384
1639686 47047767 66270839
40958147 29841183 92977954
70929537 10752220 31673500
62827569 23618992 82328916
18137716 9422550 50119082
41717613 92190204 27311433
33670043 31408023 97300907
92862311 26712603 83543700
1098209 65534893 57583892
24847980 54850689 79840136
93942167 65085463 77955873
2175611 97717982 5299164
9498001 26374208 41889227
89985977 77506082 45949702
89577842 50625815 5157591
38297141 97704933 99609031
57079534 45141229 18803210
10888689 52423166 80600061
53639368 25505984 72864130
69795071 38565044 98484094
70302335 44250667 10587206
13949068 19718444 4779164
89352473 82993226 95105018
68445527 41401869 46809521
52315334 17774380 77041870
84110959 57290233 91087928
96071155 47072922 90447137
96462435 19013736 47701233
32498681 82835068 44363695
5969718 54455606 675215
92361984 61851098 37532319
99788766 9862808 48348152
46382593 75912542 6342076
65275873 58394633 78076747
16981889 63667785 77811087
75933894 80017516 4128594
25940147 61913635 74118498
51711002 92175061 60387503
70852810 90873891 71112358
27295027 85397260 95826704
42837942 22001350 75205077
74543021 54468102 20879474
18993495 57144490 82482902
12957124 68964738 48805806
54013948 1055770 14176572
14074728 55119970 76826318
62644014 43867164 3041318
64932670 21388219 56964316
70031488 76302046 89955920
95229818 51210518 5013609
58426611 4892889 10023024
86283334 67968521 60186771
26647868 94500090 79257870
17024279 48806008 19492294
82789922 6254371 85203134
68089360 78220815 53921300
86937442 32852558 14937400
90889308 27134308 97168252
260710 67176186 68643135
58363173 94846176 93477485
87447347 87773003 2561763
24874643 53300988 93885014
19112002 52260 28839924
45638411 31777431 50421148
96010189 44083337 96527239
46540377 9838675 96085381
43369545 66378360 93657008
17607333 67340013 13296793
66085617 46253801 14695024
67067488 72391142 21813703
21160516 71725454 2400554
57487118 33356294 68665181
41395629 10654349 5651482
6182773 46984538 6437267
50165602 48870176 24775093
10604906 31484773 2482726
36228158 34751246 44694665
44014127 30258565 19967957
83442677 14050843 25962171
96214062 96445314 97187214
26836215 24540534 52221853
43770444 93558540 43472089
99863331 91584823 60543792
82824986 74662272 75526401
6658065 20598432 43206288
2248384 24666819 65294566
2053922 18132327 6024765
81328123 47620162 82898358
31609255 48003389 2117501
97042618 36095710 11551773
63843092 8671569 43184412
38936437 14956479 16981286
81102012 92917248 31990161
99927219 641823 98058140
38175456 23156326 12183944
31818681 97965032 30328641
53167347 105824 73536105
7915493 11265608 90749977
46621890 17730214 11366511
89636347 60627163 68360823
20257733 98777365 72602364
7555226 93349055 75985958
50057114 91429607 6078139
33869499 27830067 24236883
62346304 2251681 34486141
99407382 29880162 70948216
93741368 39965579 11901076
26078818 76248079 36766742
66192138 43626866 65578391
53911006 67154183 8681057
1194453 2348867 18262053
37470675 22677061 93637299
52452729 41350092 48049686
17877492 1211658 62424226
913025 79640374 76889234
98161233 96856670 93746913
26379116 97619226 91079315
21806405 64794483 1790918
86335255 41943106 80842316
63882313 96129086 36475805
20059850 2079906 46008375
8733570 58373513 34098737
51876 28408158 39127571
66999192 33195045 28469084
90128831 92718142 89354728
40709286 64976023 41506711
36447441 29468357 64982612
75211272 29349637 52257680
24346961 2571130 96774101
44099065 93074448 24929515
36486061 16423467 14154590
32428347 71914255 36797879
17838185 94760786 81857840
98128845 80596390 52949578
78435335 8418296 52032174
74987340 36957161 30015647
71215794 97137647 36133503
64777282 83621631 52647406
72953053 55833600 10237592
91055978 20457766 37906686
85595807 65841798 92499165
78983770 40261653 58474519
85914652 33874438 99591326
84471989 43130820 85354243
14854541 90833825 83682437
32523281 95314965 24204513
41797123 49494058 81467870
3247900 66642981 58320300
65129843 50376802 27172627
53984961 51061553 50472469
83305256 79028268 56519828
77141008 31948812 1751127
93865496 69889569 22375642
90690424 45325696 64224275
17359101 95985524 2494710
61269001 64074584 65674876
86591862 12654737 26700935
71037441 89212559 22816276
34565373 95624425 42033837
48832208 33502781 42638460
66951836 30240499 64095456
10257581 81036346 52601281
17323887 96540415 70699902
19604583 62347912 40572667
73481133 27156258 92826099
17305451 45040372 50617548
81936146 25309590 76868468
22903648 87640487 25657489
16737357 78302459 95512478
36182953 81426480 79028121
44289459 58392247 31557718
13091250 69634552 28284923
54545019 25155458 14885609
97030697 97926114 82925245
71741015 68632442 35544745
41132971 98938388 47654760
41942788 55076905 60703283
47565436 30104441 82774042
36494809 5019623 30094200
84732319 20207914 68822002
85965123 86475785 81917999
37615517 86005580 14841870
90282774 78260100 5262636
30855112 63367475 23849196
88111280 69388116 16841142
36428171 23656556 46125831
76616815 94988043 51888036
96586215 66213754 33516138
94294935 68507576 71631185
44534316 64643006 68250558
29139647 3028679 44236448
52757788 21010203 66139409
47845781 68365467 24278455
10707827 92285897 85141690
59911577 38150427 33264359
4250653 46374540 74045472
14853399 73698801 96457598
59916995 45798673 98569147
35804833 46350458 97855239
11366628 52092446 82293646
83148772 73639987 29605668
95795349 92927438 57582891
28465451 8726158 27919393
34439270 28828785 74633402
23445698 61867141 94769207
60338348 49320247 69180153
6430960 12837268 13848035
16228118 331276 36466773
83741956 97935311 36206102
17867113 12419343 75737419
46844939 35258038 68627961
67068772 81359139 2164977
89965834 12378556 83591693
85925953 45851283 23561941
13214865 11645398 32078007
92359565 97222997 27765487
22456755 30473451 38309975
81853541 91056119 42617882
15756697 63403773 13259837
70731284 60421835 42375180
9876441 29928369 95334829
24540855 29048426 12287513
17286319 75265321 71163906
14146334 55053302 19377649
65916664 29721978 80395674
31478247 18845215 52818085
46727005 31443588 97191511
6513081 3022914 80955237
68957096 49742007 60143442
43419624 20076308 79744726
32909859 1825475 36587148
78607933 24948410 20972375
30655999 76531850 10730489
10961868 61237652 21069117
88462057 86522532 2678702
19389001 21793454 57508883
35735506 45169521 31701184
64747617 21683360 58999215
41873554 94110847 43585120
88432245 75324007 74002688
23307753 96575889 17063022
96966374 47964855 63881829
80115805 35045155 28979275
99290137 544528 53427864
37068211 55154646 12045930
71444093 96671575 38066825
24746199 81449647 90009012
40768194 17403909 65110370
64528694 51118762 56792300
80246586 50398649 11089357
69418681 12290552 44114473
24305982 6024674 71621764
72076622 87852689 91378659
79244652 79988071 69370283
70102603 95870541 92299762
17702914 96403289 40504085
62975747 27199973 26235099
94903728 32320449 4843526
66230894 44955951 22427158
78199341 24588648 21397050
98597969 67355245 58641057
28726155 54635906 90150611
21938520 12018419 26658217
24945577 94158251 14437339
14901068 47088736 41680239
57760820 81205419 18764493
29878459 98158695 57323899
95667401 37094051 99523750
39329955 87451901 89585128
38951845 47758087 62109592
77727662 24061323 613673
76078244 1212441 31089122
81545627 66896159 8142572
83942405 71549735 1253975
69443951 73671082 71807485
52375062 19537874 67483999
5621808 24922505 77130602
41434211 73528929 22097740
22749246 46562990 49153387
68730633 26489909 23164496
2041250 579950 19213353
37381702 8972615 77809257
99038101 26791819 35689484
33279222 48393518 7925855
63574278 11351283 70357076
84780568 19171767 9013066
5821001 84164406 19182410
65733042 318646 83608766
28400287 85288126 91227098
28700453 58327098 83577065
71491792 69565285 54111703
75147990 26350792 64368258
87773094 9759777 52113648
80424767 46667980 76595917
41875945 38283540 50485785
95869220 20708643 75227485
80105996 52961753 41970094
71253971 25388293 15684876
35450065 23933626 16984971
54268518 33188716 87561976
7933912 77256250 66888360
99052288 79746169 99757367
29916869 33603442 14939046
79927959 67773394 58389976
59437477 3028029 18486845
29959508 7165024 38906241
92204699 2606764 54360260
48611243 7831138 25306182
78803587 72010680 59328388
73360539 81756745 92443578
31884425 45209768 66030918
17431914 20916015 48919971
83666086 96479456 97122546
8319311 19838235 46528919
33386402 12933421 20312138
71505673 38537192 81372525
19302429 2526471 36075694
26588738 49266817 97090500
31339547 67961433 95792050
9909859 68086309 86550373
49868127 2959323 99955049
64951904 91481010 50378671
8339832 75086529 23849787
17522511 47255115 59208579
83164629 81401526 78765464
86645349 10929314 96105648
51011786 99377240 40317878
77310370 88914393 94894773
42183878 83441210 23428955
83263904 33819134 81699867
2964205 73591527 77280710
66903657 66090333 35983045
64052818 94019555 46618626
99483200 78254966 14012189
23179158 7236441 99212982
90585117 99816533 92039873
28348957 2363512 43289895
68281302 62898043 23465566
71801821 21814626 85650526
73872125 12287141 80421531
10894313 28583992 24907927
91156305 62988520 30231465
97710809 32883344 28087870
50641254 70166540 91695749
67248144 57855750 37108018
70651553 71483918 49759976
8730405 48033828 70614598
89097818 38922170 31042972
74383902 88969548 1257513
78810080 78872917 54264364
63990307 23837993 48894119
92588285 64950838 76336441
23267716 5888819 74370417
82346320 73969230 72321887
58917339 34600052 29788542
87421960 58744709 75367883
45384382 42478012 12169157
36452277 91671793 13221321
24037551 85684676 93741531
7200453 90448022 44032081
10320507 55967630 47164638
62815807 82857782 14941320
64138598 62881348 94728229
79415466 20247654 3033912
12579490 95967080 67801090
26518798 26404199 42584771
1911718 14717734 69049223
53623068 23900087 79237974
30750327 26777106 23732524
39737305 12861930 2611339
20246965 68188797 3405727
6701704 3422250 90566150
71133212 27202955 875418
72886623 90642934 94054954
79910220 89781062 95517276
26028763 4328608 86035030
56098803 19386059 52601850
47920778 50825518 32428639
59247855 81717279 3035296
45116987 84230863 84771814
33111974 36737180 51438656
29441123 22389753 70404536
15336775 77621874 12290077
35152558 77644681 39288655
5389396 40456640 50088207
76608218 30341836 84228147
30930224 96032878 10818430
24689870 6415646 55238032
89171054 29731279 86000956
37025718 86340430 78699869
85206197 69924506 49967411
35618755 25936028 22770678
90800567 33474881 85199486
93943716 16576624 28159040
59336093 66278992 57004817
74908910 78465657 99113966
14399964 26892755 63211178
80048158 25366955 73370019
66452035 34616313 37813907
5331129 25482476 64636509
45334611 32418698 58159327
9928296 65895941 95699579
74384171 87586621 57066855
43343253 7526357 93191556
60281286 6295786 8687004
16480092 79951749 66552284
7443268 3314201 64766299
45896238 67147247 38407011
64461644 34185444 88285390
95556794 40696529 3991057
95692722 6765176 5348150
66699204 16077181 30327922
37607504 27217805 9090095
57610005 52582671 38732583
81375416 65954683 58527956
42094735 26052602 43038213
65915443 86749968 11610547
431613 15758391 27359322
88414718 16895325 80261636
99045367 19247675 71997936
42062838 13326206 95802656
63484925 57283104 85858768
70169362 45086594 41445839
55280665 98220193 71186883
25836534 1934578 29279531
32066607 90842347 31069718
30316300 37596708 30430637
27256614 20498336 73551923
67885318 85870335 11153928
80941678 4934379 51649906
33303508 73225029 97099924
7846862 79195839 5631636
49774002 56593016 36485260
96473747 60576859 38368584
23498015 27789180 47596244
36899473 98098976 7232392
4523178 60948161 82450304
5109012 61459533 38144510
67732923 64983332 30679604
37543624 34504922 55294522
11317730 92363526 91710311
29026877 6912021 60280957
81893640 62360101 47301698
59493945 5464715 62087101
63813689 19984274 21255900
8120716 92147171 76881573
56022475 96513504 321185
14271269 15243304 75396388
55070945 39091802 97708659
85570812 28453975 99142126
8257030 76122134 44336519
78706865 51990068 90084259
91332295 82825436 57179980
52077712 80402576 74168466
84818761 93206524 76429521
26289421 75805060 89834817
5772064 84064772 52062427
71987522 87887226 8781129
66224676 49075028 55536884
2335788 74016942 97119152
67259059 17044296 9549026
21896872 40987663 61257734
33204591 74053138 95905975
52683320 76274155 80243178
96772018 73711506 51784046
56393204 40391735 5774541
35341088 75451445 42885415
1605016 72928974 72582653
12716712 5995357 23825641
94367674 8515309 82077221
77498051 38834537 61396034
10355467 72033103 49938423
11760715 1000900 68570704
86650653 29395367 68595476
86891439 71157834 8734350
570721 84397118 98995125
29872803 35765987 72994565
30890290 64039984 258442
5717053 54282605 79915397
25836505 46858371 61519041
61176165 56369942 59769246
63153868 47095113 59437190
35056273 14827071 74252884
43651160 29762349 79067361
25406976 63587757 86770846
45338988 37944206 69157856
98785866 86096368 7209068
19575335 45739064 86516534
20481162 95318092 11108991
46735702 82877818 4737574
87538519 35846265 2889445
70811120 59913156 80427117
47939760 3219908 79312751
10402676 3534334 48840581
81721546 99576570 119440
65368161 12102882 27863669
65730899 42919155 60723194
11168513 93380428 59629563
96066793 12075158 136072
32592318 64615173 34757175
92229074 60770618 76939345
84686017 94687703 59988349
46838722 28517652 95955465
65938099 85400431 83093346
25313199 32887219 61500097
55161609 84939303 79635775
80090398 77867958 88076828
12706010 3608586 49775750
53698040 69519019 8868243
54103591 36564015 43278422
35185855 69860639 97859327
25731420 89689641 6552160
33050743 92619472 6683251
49445985 4765251 5866293
56830658 37497122 54885308
16593837 45079435 62237173
22372656 94845828 38654992
48178798 21080781 1005597
41916329 53034964 44178288
96602073 92049610 50324955
23934048 74119394 54802391
8496473 67552602 91915015
70543663 7839579 20394669
50909079 669291 14313860
13659024 3693759 81478483
50498851 17184703 75573808
3034777 52053019 23046281
8485785 39271146 49182852
30453277 72171557 40994730
13605113 30572964 66206452
75288747 50627234 51399004
95132396 34040605 85415950
77457989 99706799 56335793
49359173 59717117 6107253
38381561 92641717 65637893
44748667 76424174 36710943
47809721 32446423 90385266
9606711 30316579 92915263
4524325 51183588 14048432
8570195 38451288 35036074
62737590 89716737 27394617
96026768 36896009 48168794
55818719 6094892 51707597
19893072 13398448 46474363
56794074 28370150 66787795
30953701 83488166 7586245
40245260 5792430 61839577
33766859 4136584 55502911
3776773 19207487 22669686
72273213 51572497 3651220
87874974 3210407 63859237
13457707 68631568 22774552
16387907 2254583 38623218
68483532 90885756 79375596
4913698 8180274 93360601
48832503 24774494 13457347
61550184 8885618 47499066
99451290 31517214 44006358
99870533 18957866 65826289
59184717 49361591 27002526
97553787 56391178 20261879
46770591 69024281 14648454
76850354 17978950 82846123
9151657 21921121 37800347
93326785 20976974 36011781
32045075 32208662 6918496
65781545 95323161 48270278
93912907 84780850 36050822
3962354 91587233 63506103
64134704 37384527 40036294
61815126 8989979 29107813
62637274 28786114 30360061
64626226 36676778 20533780
77349590 39801417 41854809
90321236 50582798 5207230
20887918 436531 73411066
60625962 20701599 19033797
35402204 7912032 49603876
26608363 84295424 15559645
38952331 91034515 73758852
74501978 22988728 54236910
12291667 91144201 82410493
38261800 98068263 32397598
69200978 33925340 47152548
9996905 15009370 3841784
41484548 4468179 40125823
63997536 34806923 34089923
71088520 35770732 59479226
85459587 19083695 65054528
69903347 65440698 60190338
18668427 56350378 76947079
18431547 14406804 50965515
7845931 60526318 33079087
5442902 76272853 33260001
59481078 77250900 6714323
42567620 27506590 85856812
9255311 95837476 73092078
55353552 36030503 8430366
39816588 70076859 17957965
39380540 59733867 89965250
40599137 36681705 46936230
50257621 81661099 16566424
36458049 62397994 37293404
91656990 74093579 95411796
67374281 90616456 82920454
75521381 33917068 53471939
84774785 16319976 37088385
47379528 3709332 26499197
74689319 98605669 22173117
46527542 2330533 96558698
40719610 90160570 71505711
20867632 53697713 26369263
6495574 96015376 29206920
57603624 96378806 30298211
90455299 5125477 19352142
57410055 59656503 65236549
21322584 71158860 69964897
88145631 85914789 66474270
93030452 44227697 74019404
93397403 66378778 69912777
27533645 96275242 54544187
81328304 792848 57106365
48054062 1355598 79008289
16534530 75242316 87221635
73320710 75665344 3522092
647991 15217959 23276203
30801024 55450379 8413570
96855222 78937648 45712843
68095157 23096638 71781998
36722162 89938180 34694651
17534766 96460253 90702126
41538723 23949643 59676418
75829634 8048539 84310540
53867219 58816678 71180598
94605436 13597907 52753131
96924890 64524373 86635305
42882413 47559867 40524483
57944677 41969556 24557451
99871769 45827012 55851635
47247712 98243264 31940496
2049718 67631059 44882034
59352083 63572877 88268164
52965394 31381725 66901913
18196234 87503553 71149260
30933603 33536408 49029780
91554618 34157744 70127307
71598231 78102171 69159861
47356726 99241182 36933189
49006489 72265589 81683169
91523412 87965493 38315855
94795601 97898153 15450411
91504531 50950465 58047852
30065435 6540172 50561241
61972316 43904131 55246355
85824475 8583549 55841726
95801813 82020612 99272393
81669981 12872017 55616282
97818533 17872548 3948731
83276118 65916208 18729941
45033884 20497415 60438732
69124375 93658113 29567846
71862645 63192749 5671033
80716908 68981407 62974012
90302160 48092610 30210310
2570576 65454029 66622856
46432435 93604863 37265734
96560704 60454022 42965800
9770296 2329593 58572528
26973784 85512886 4483245
33753006 10260241 94768446
86292005 75152179 78350502
71352496 76359811 40803995
67314223 24275890 41013946
11388239 88224499 80805006
86767627 51110688 46988610
20036367 60490452 45769996
35623860 34191240 29307249
5187655 33502845 54896904
37910077 2182630 78384400
68275640 10717606 95796125
98603794 82934804 87878222
93093202 66082685 57932601
9020545 41603715 75297569
41392254 29616429 46065593
46044164 84131506 90695392
51469887 31691381 13112318
70067178 56723010 76481773
81658781 26123636 29345263
64150919 70537633 31630206
53480342 91059437 7773604
16024532 74306822 56759543
16806735 55339478 45449472
77702432 6870857 66647010
62765491 4639383 32786264
2996135 92431083 65723015
66582672 13553119 66991155
96747191 92522335 32668636
32972555 18193538 95161179
55243284 83253676 2473716
74728733 92442436 92298289
46701410 52633424 51695412
64661462 17371224 95707105
62516037 89568131 94917249
29544992 6975734 23416246
4978562 14764414 9528280
32377579 24830765 96337819
74719251 71510484 3762773
50382924 20931317 91407896
79829168 31619254 86643957
24577963 6372712 28398440
85960581 12315823 94023869
62997811 20648205 88125704
36371970 5348594 39839627
83894525 19477124 97408480
91855410 51002596 63124934
70948625 99023312 28519863
20445955 91769709 10595799
28514196 13532993 97775001
59087010 11924028 29942341
95524435 57318849 37299156
87892131 11833945 60236721
66856057 4744465 87252063
35928961 27706400 86168443
97228806 18814047 14261686
63047613 11507846 38896253
51632245 87593952 65178025
5027965 14667959 32371001
45702872 25767483 72616535
38862479 41219973 67955677
49572625 97454106 14378532
8773706 5001920 54702112
64957754 33097354 80468682
52160001 88172050 32394228
79884233 67469057 40670103
19034684 3967455 67419343
66963202 77372555 50155296
14215644 50315089 1707295
60480485 815932 22630221
37667720 64020317 84608547
15206284 17930286 34368297
61934993 85639379 82562410
87322779 75190124 72991612
43621598 33839403 85346658
4039405 83552662 83931029
4395746 47298250 42704009
95414286 43481859 88233127
66001524 85623371 6307642
19102981 37383204 75637518
86666098 23979133 73003651
52495047 32294053 65718151
97621271 59390518 11960142
88671889 95869814 57313005
1655480 45133487 90055771
68079907 24771738 43589818
70706422 64174011 68341655
88633817 67452235 23269978
36256606 74680118 82760898
84226914 44073781 65748357
57748549 53101492 82051984
7167115 54513808 36924488
82375392 67873849 32698328
28977481 57117580 62614378
47125995 76885401 37480658
85144214 63455079 61459494
89096768 60270479 4994190
17349852 60950733 23066094
87963757 93276623 6623189
44162505 43265450 53667143
42205876 61700647 79066191
18764533 38238670 67672384
57915429 66607637 30828342
16379123 81699675 67953939
71146003 64107263 32760412
33791024 67836480 83247627
47834853 71884344 59498767
63350531 93038522 34763763
89002474 43893503 87051922
4472013 84740763 55651879
93876652 39452844 69948311
16311018 88608312 93487983
25598792 91262827 17192108
95403752 17307709 82374366
12113355 51130508 25744833
88448525 94739726 87169895
23112512 74807639 68868700
93462721 45494685 88617215
42154904 74996715 27648180
41200110 25380884 25131370
66104747 96612043 75520974
28481768 519532 27871101
26675164 18632859 16559724
53052946 97346533 95629422
96923732 82054679 39618310
64952301 59173211 19640066
11897999 31144293 55963374
11904039 30937957 75950768
9769465 89664215 40732682
99588669 42980723 42707542
59333967 86827103 68150740
38674221 78335521 95918082
56823096 74152091 13073780
15442494 55812925 79974859
57944703 10650417 50049618
35614077 67764176 22893797
84538937 73072390 83146403
69429897 5099352 76110812
20635911 63510432 56168652
84002912 22959029 67709055
50586446 3729778 63139482
40337311 74052829 2858295
86615387 28169698 6436382
33773673 3297045 28952796
72596116 60283553 39311173
9231212 86614515 35583627
96143114 8676179 78986958
15332801 51277090 21444952
98708072 47446620 30395244
99817597 13824717 3368364
29703374 88536959 19911469
46308852 44148395 34982563
40356413 44977707 53433248
85306591 64703959 24788015
12621621 66699885 20825769
74036678 16343113 45409327
58355079 96373852 11640002
9301518 268965 94445932
27737346 30449290 23438890
38796052 35251095 15900442
89696503 29454056 86467279
33617298 17979062 62456594
68483427 44984005 61550872
26649206 86068600 35325977
88913003 91345923 13470390
8034100 64327268 66061617
31671800 19232237 15547142
816474 89932354 67537667
70147043 71215007 18440315
75611024 29860706 21771099
192309 96210281 31139577
3041360 14567815 3977831
54068282 64786809 53297767
68616489 28467434 14300067
80069640 54479514 58022814
26653285 62554755 7537507
17415933 69078860 49268385
4134430 43127281 10884446
7888751 61433930 21990668
70203502 61079531 84072440
44869869 44877274 73876631
7729783 36077257 40591697
91548018 13875513 78963912
92362431 98676780 32902201
89988588 6358719 48063461
65314105 91222176 80545478
21016942 55254661 50403026
46366254 96467943 54262327
36335000 37613563 20747628
30593231 428590 10539464
97447804 23540622 33510087
14032451 89406280 59891854
99492400 65970441 11959125
21870656 85594836 67776341
32002162 27150753 21062916
20542820 58067319 82265378
53215477 78912534 50408786
51345965 7448456 61292042
44399772 77397366 10240387
15269105 49767773 19251616
81915367 60887717 63039754
8020812 9490704 19170885
22838480 60103479 35210965
31753894 27145671 85230608
39885156 78338505 34641536
25516788 93887017 94090497
228240 50257773 31071311
52437878 8214043 48293733
59770748 59985 67431217
60217855 98382549 48118092
99991964 4292039 81971511
78584835 51074658 96234614
94488508 77724116 6607590
56777389 8035935 26591594
76175365 80571849 95454752
5132629 74826658 32871509
69491151 98121106 14373304
73941786 59165885 93662817
17724358 52453677 55824416
57018509 15681791 59340064
16646362 79359065 98085006
13654760 63244010 47286720
58542743 24705673 16788841
79878768 48717389 83351938
48716119 67768759 26210621
73957571 95316913 86890183
13231320 28966984 83788419
87002822 35351010 27382805
97392890 19904850 1774236
45392190 98430741 87496486
90093911 41058335 45107077
90121695 6296649 71841313
69876332 46109016 67936127
44950895 97655084 66307589
1448888 30540138 94973795
16397651 46861201 16036057
28099592 20042645 88391465
72636305 21045969 19730981
60335647 87241495 20462319
30425648 18356079 85979966
72774201 67238253 68236551
18512956 21547960 3428525
55788058 18613331 59849733
2471759 35592303 55321678
48737467 21131080 97676160
28000882 20209556 96999657
30931321 45457090 48540267
34536205 78400164 59408234
75666295 55058566 54743628
6302315 4763390 34470330
26349323 36612429 75624662
61137487 19043206 70236747
1076506 16384920 58007279
90956026 55742817 46421533
41673286 18476839 2940825
76305519 26723640 95374359
6512035 75480301 45997483
21667572 63656538 30814698
39468248 19217014 64748188
32261402 76389979 94038793
66362834 3585012 78046111
54534556 50773381 75545055
83252439 88196064 90732815
95257994 72191386 53725750
63980996 5981343 98696975
54518659 39048035 98147994
15500097 65679689 30945891
51894427 62719631 3651803
61188376 79974757 31543916
14419573 85214144 96783230
23081766 18232437 8533983
61602399 5912184 97541559
40252240 20150974 44831632
35960326 77241979 54167451
92799586 3646182 25084892
55551110 91409347 79387590
27566155 4613596 73170135
86398563 86813367 88551651
78305610 95622690 82915484
91735221 40022810 28667811
70953494 48983275 49643641
72557809 84069678 95029611
12816007 6188203 84035708
47113648 94466348 19589312
14933998 69567142 10824689
15005143 5410796 63885265
24581252 28061411 32538913
2105287 81716059 39769398
28811980 69383898 73693815
95767157 20031610 13257200
28417396 10052028 87600185
80890399 43757193 83906925
57981634 17187887 23685782
85350738 64559156 4933085
56184843 99235902 72618030
4593875 64974485 80540232
7597158 52208706 74610058
15888988 39467871 126613
24078940 94093475 68475481
86323453 34454464 12300611
87276067 78089391 58614604
71156344 70677908 91544823
27553012 59719208 43425891
6782002 52845938 77638975
16854262 16038863 86225960
20281072 27238757 43175815
38608062 18511329 82349644
37924098 93528791 3287536
22369990 16155112 78841347
24546089 98048875 25935281
95246549 76913559 25303515
14988640 35091960 37806260
23436156 87362390 99943295
61843300 1325185 14569052
83582186 68015308 91407232
84484786 83772559 66695637
15935271 67226847 87738990
24814848 22202016 33586231
36448277 66102803 98567126
79418191 13909386 13139014
15650438 13332211 26593519
83053553 90124233 85111307
32335800 6901620 28350394
42300116 5335158 14079331
3584349 17363743 39492528
49652837 69451593 68278007
39292627 8965464 28999778
41329929 99290907 48323520
66056227 64730215 17669352
65802972 62552477 92301595
88750255 24227896 92360784
47327901 13276118 64058513
80344163 64611778 77639082
57822642 44827691 90970218
50775769 59588384 28943313
83574657 1424009 86731978
83039843 41545654 25261641
57540322 40503860 81196000
16683060 84480045 17680284
66056398 8418628 22918507
1776986 81038893 28857946
65842558 15926351 54784600
5546789 43991289 33846944
9505490 3665404 33586050
68075037 10388894 33929202
18558908 67764605 89813384
98131765 37018687 96256206
35243150 35314963 65711482
39898619 35705967 58336786
75381032 47758697 40141403
42342173 28699367 29464887
76439531 49544484 19959239
76673314 73621478 49345177
92663130 39709072 31190195
82798550 23054129 49070950
57645462 9671844 18102463
13717719 48541667 13867182
95889694 57102362 82278127
78659842 74068763 98368496
46652298 28394552 81393826
64358448 30309352 59628470
34800448 59104326 34969631
73370607 28207302 2211722
66115878 19942196 92816090
99151628 27701603 82276348
15157063 96252570 21103168
83035493 19676656 18851247
52957064 59620552 46497304
16683173 8127333 27265940
4419913 47386164 83747460
96752015 78724635 45138180
6670769 83528496 80393264
85271261 13297427 25429343
90574259 50783520 6896689
39780861 19366184 43197762
96655257 11391624 99391345
6887936 64116018 71830034
92586407 76465637 2845869
78741144 96178255 17981491
30691043 55338113 79945917
60143495 86744070 63021736
91162561 3955717 22966100
49834413 69945221 36948996
52683455 20563057 90984029
72315751 55031319 67672937
6995207 76787077 55722366
28355052 94418599 77871879
74993547 64743746 63287538
9020438 92136289 33975390
77114118 61353690 96306876
11661080 80730407 71477690
65150454 25074598 58095891
4075662 74051760 9916764
54462435 99862638 1378551
79395068 69138497 4044509
83329500 6481296 12650816
16845680 86328067 79937963
64737653 77227385 1474858
26009888 89359572 18607299
39587628 15251683 65259356
43393924 5341186 62981477
6476410 50324247 80246701
98825477 99191266 21906738
45881664 63662542 62973589
17550330 87454188 48165217
76400733 7490144 75287256
40328663 9824129 80340208
17721198 76892439 33550343
53671191 70676888 29561905
2814040 81486831 1390959
66034348 93170209 80092414
67566345 58775302 62089363
53989855 48141012 4147833
69946665 10628455 52947650
46695792 77715897 35457597
95361668 45221779 7107598
80686073 2691815 16334645
46462995 41987063 12523197
38861152 48251669 11770760
49627166 22176704 42911867
76048843 3230981 74903621
2412132 34462326 4110656
56193896 41776651 19873435
82768648 824186 82698186
35505407 94187987 1433722
85715470 90285616 63055766
38543472 47792994 95682993
87793860 26324389 50038696
37862620 51266155 93475130
42877901 84899187 70299716
74398399 48845893 42666161
90362743 5615525 6384359
29722083 26693673 59339399
89603952 58776235 70439119
54575394 84707192 21271768
17505224 98203141 18001531
9661234 66633704 94017192
82357843 86026694 73346304
20261240 64739449 55205567
90953721 38743869 92201547
33204809 93865381 41205278
44757113 6256167 49109938
21992948 75839190 91550026
98476854 29321771 81988892
81477912 18103508 17733389
22588816 58311100 40733669
64682691 21000972 9598752
70830556 66756349 41327565
63035098 32580476 84693960
66369055 73505148 70556459
36503653 2801128 82013678
61416301 62056547 98978407
70506059 5130453 28676833
69172782 73736969 762333
89408476 59718351 92773767
69525666 69910174 69790849
65787515 61160579 78081898
75520596 1551711 7123689
93381775 20039553 33995494
33417677 71848351 33032234
82153775 20800719 97804167
33262784 60857878 35361378
50887915 65996256 23198779
23767374 27099951 12448771
25173351 10476545 49424850
59708461 2676912 41703909
61724229 493226 49186738
626417 98699483 53492102
42914087 17656214 86155917
46861620 87633994 58570683
85611588 33859894 95305486
18120516 37233193 75207093
19025391 37536270 6352883
76897888 28294286 22403465
36200827 98681429 85225256
94214941 42278988 95058126
55069228 75401756 90656285
62337355 56788519 87034823
34593525 63471358 23466481
93091346 46658228 44044331
54387086 36005499 66449205
45969679 93262747 27833038
83394739 91562421 33581263
63539074 83297744 14171445
88190328 55676518 6668351
17903700 12408543 44526804
61909451 80940171 95170082
88457684 57444374 47419087
9896509 5565551 43406028
69643319 58752569 19267252
15109033 37139974 27774355
28632884 95253573 59990768
5943277 62115637 53020333
72803449 52300023 18382052
60864906 16176805 91684917
66211057 86314084 77302968
34482009 16417719 51711848
56143348 34057628 46456917
86051924 18888211 49084402
35280148 73835059 34261306
66250372 64574722 67572950
26110272 66286134 8644271
53327291 30882877 23264212
86757667 3742289 95141291
37475539 44454834 4499301
60860573 52509425 25687663
81830573 22819871 6940104
96331414 99940464 59212526
82022020 78026022 48715354
53183229 75810601 35834670
53587956 95689887 943632
20111657 70002936 89302574
41357034 48669803 32428671
42164510 1421031 24523295
45824444 88031104 44953664
92660331 92807658 81350097
77501559 80016405 9027550
81299405 41495031 41935349
37907745 55386006 29353391
72717755 40451216 64316054
67334478 92735736 39897037
95340508 84410816 74238324
52197168 24255698 93847725
75541522 83972327 11400364
26696126 34400326 45416246
73987301 72170175 54887578
72558121 13816140 39607226
81113871 73496027 82388430
10741665 12347436 64048854
43879041 30246841 103263
49094758 66661006 64567241
53505852 22396107 64499934
43541776 97372389 86302760
78455665 68229945 62756481
92577748 61658435 43507655
95337434 84030757 20995232
77249370 29594528 85357033
17316205 1101836 43147767
57668019 59052230 44711858
29311657 48489092 20689324
98460335 41341332 10549484
40834758 4803336 85490864
50350423 30690830 16022625
96492680 81264103 1202404
65255331 47927719 68122120
30017419 20427413 56504603
94860327 3278456 23869947
9459832 82908296 29293830
28715511 5748537 1123734
42816421 9660735 70229540
25461466 60284665 40464842
95846632 52326544 89921064
35327346 67556861 35832000
50664406 67080011 2595113
27398184 90261088 89922415
13087014 39375878 13590089
66119938 16223109 4119012
50616158 85192504 78847847
14362343 23047635 87347456
85901598 58280490 82656128
64040737 64527607 62663409
97440971 39950835 79487761
1981053 32605690 27505062
79795802 23755803 6663272
23567933 82493889 53438318
91040945 17338884 19664416
75325893 76236783 89330720
28586556 81474284 9130619
90986064 86863750 65036207
94605299 5777738 73215468
78056696 2575950 28592247
9325310 30101639 68430197
83005827 95615457 45753851
20250880 12386552 25836006
4961616 53791042 15256565
39757312 81194132 91192967
46653008 19583956 62021952
84296474 5504970 66982938
56241797 78542840 22037484
33309915 31715141 57366694
31042290 17352964 14577558
40238195 83744472 5421396
81996253 56053778 59287070
63147692 33706171 35652407
21461488 55176848 67316990
28675890 59681392 46140155
45845667 53945608 34087184
5341771 53083176 6937163
91992551 80734639 7753397
96159204 87880841 39562158
64450492 31032850 57111942
23789587 8580004 26897432
94960473 34823611 81176656
93015129 20700248 96478572
71020962 5560078 40062776
82286351 42659735 35937427
78524905 91872206 22391468
38775050 96131905 87935734
26627470 38131507 5802966
70164415 12041526 94786546
16676909 61690509 89932770
20224631 59817419 50800839
27752403 39762493 49268871
49769261 94337287 92934455
39225335 98783609 70901954
34487035 48989209 78229382
53696827 55752382 64014934
74647413 18552259 25075465
83872621 38172044 37473686
16809190 32673599 35393050
87444203 50154989 26445517
41566144 60465028 69446477
36480398 29283738 99339758
49424181 92732260 80477990
91315570 9675917 67211588
72088245 86557579 83398400
3603725 69990691 69803170
9303520 13709849 6482655
3608665 54402494 32335667
65165239 85667274 14321364
60068681 20264434 3072431
82480268 77941971 71386601
74557469 76904673 49761421
38213226 18869845 16168352
72586264 63514589 15698625
89760924 20215220 15940026
66602126 68507813 540195
49061 71147143 43935591
89330857 31663413 63944769
17151554 2451545 98130733
9183309 50890665 22245834
1173368 11060415 53658674
72220976 7083544 98721323
21021950 6359216 31074975
81144073 79511721 70975730
83895350 30760550 18962907
55086111 67851576 75956482
4684285 3059236 46742364
40982068 23523440 60448927
99924650 39264828 63728722
68784743 12877475 80415248
75407355 76085306 21030367
75299829 22989417 271961
91440460 29515673 94565061
91457253 92039368 27359680
77845650 78019332 16682361
93016645 36149627 71191833
33085951 23969954 16628397
53870111 69250505 39985925
28094261 75772337 78560499
76284834 34908663 85431238
72757321 75370615 70405296
33266192 75022303 55740997
79485270 58454202 66452394
62487397 70593700 9922151
98678963 57227638 84205051
8962416 59787943 53866654
30381403 44049818 42628545
78074167 62325086 44327572
22099649 68108438 30578038
56259943 63797081 62758969
14191199 84658655 2686776
7179200 92027226 90900091
99418684 68667575 94938189
56639809 25804159 33938705
98085348 68493821 69593989
12263630 58002945 26109634
29365452 88308010 18806719
11347649 59605781 7308798
30911762 27502669 78344926
52569275 43130463 62776498
13428332 55340007 89298711
56113473 3201793 28417229
21746487 91311482 41917291
56615257 93664258 95117993
218078 87612747 13493913
15862227 14075574 20802355
16554559 44123651 61673501
40812394 18032174 23081046
73166575 68033033 79007916
8651492 2728628 44390633
88072451 89046214 33281513
92630608 29239010 89731233
99260602 93341726 99005058
50757708 88512410 97698551
10512159 90704657 93959487
28479715 26254502 96451981
48458388 70710443 62953306
43387270 67620016 61907998
79364412 74502342 62582283
46070121 16000965 95824196
90842440 51899829 10859636
54210892 37512387 29385215
24506075 81356087 29346518
59801791 69380724 51443611
74586426 69749398 25808353
31457626 98443492 53379063
87778852 70427525 95782241
92205895 82218456 21864049
59559151 60942709 38983023
80545878 88052661 89103332
31458103 49188968 43702673
40952023 50803038 56043517
12359015 73524162 45234365
57766557 20974699 92037256
70672155 10240224 48779589
13296647 98081756 10020594
83525127 94945912 88019372
70636535 74251972 42900591
22534587 35856142 40437321
59542913 53766466 43419116
66952614 29014489 56796828
4196286 42743113 34258481
53252178 3211981 36808780
32495396 56842438 94499056
31730877 40315993 69425484
23812435 43371996 53647314
62437543 46973479 64516107
11205883 21251779 73746364
1585441 38770843 25774926
28872298 41771216 43794538
17085167 22161269 5999284
13215138 42422678 752232
11419079 25969465 23745067
62286793 94938520 62641948
64067395 37322049 6817390
936713 1928954 24619172
68765612 93505156 7967935
12204848 53441743 7085449
11280748 59736941 818482
4200042 12594844 1011815
87551868 22871800 18486519
12466770 43657400 51044867
66110978 56747118 11462545
59460313 80418840 88710437
2984224 20089591 3421012
85073277 24111603 19757929
70063088 98787759 18939158
84607748 15197312 95149783
82397315 36478437 5050042
44400757 15137468 81965864
75655871 77222016 53046814
98857914 16317516 84413700
2472872 51449146 99734573
16513108 94377575 3071680
53152885 37856688 15978272
38227734 9771002 19101537
2210307 41340083 32366833
22405882 47945770 806981
43370530 68894350 53061538
19669293 41506704 60282679
79613990 9304024 95160210
82095277 73644670 24980727
76963119 39538810 22012718
65017558 1315946 19795117
1561398 46641486 11382302
23303322 22874594 39027443
12186506 3152994 30838240
92800155 41201546 44078641
4563195 3108180 94424786
44548735 29232238 44037062
21997895 34571194 59300056
72531694 3668441 80259338
48840948 63285332 46988162
96454334 6937623 9855283
80088166 4788488 82470167
21179650 99065986 15555434
11766446 4093600 76677622
237081 99399979 59835714
6055008 1014576 45307463
89606386 69777276 13268689
29639810 93630036 68061464
33529794 40059349 61652598
11235299 53336436 48833419
11506293 61284466 59028922
52871573 27429236 17384203
72079905 26785831 41589662
41806563 35212637 63821636
32449785 33806592 71443367
4947583 34481665 94844884
91080046 85995584 78383180
81639169 10403462 14389562
14729029 49036669 70817367
66543554 50421163 84694916
91675862 88271316 54620949
82321852 59578242 58962079
81924779 27200373 52172961
30778318 1501620 25041606
17739596 17645690 63995813
40441621 65502057 20770055
16474126 49732956 66801735
43296831 8163900 59992227
83618285 98363790 19371177
45619214 30079702 30757252
60698788 21536131 65875356
7117895 88390188 51041626
66776336 61008354 83624899
3520024 63112046 24163079
79893954 37465643 88219376
78899592 45445124 22454418
33010324 69585524 9996209
62905676 80251754 3097584
56897914 30252376 78917415
30915924 27601902 99726390
69725607 1653578 99698338
49766629 10570539 29473333
88046292 28613114 32467516
25982721 22396500 30501078
14827939 27021674 59390821
73738464 27183601 60415694
98536127 51044184 95997610
22121629 38142246 53487122
69618725 93611648 18373562
96176960 34394409 98087183
2830453 89402368 86268682
83893143 54133563 88204437
38397656 30130294 38568395
8732946 63486800 72236828
78581619 28937149 25435072
73744897 53693783 75289119
91836857 61941810 94425004
60565772 73235068 87457500
42334092 1030811 75009751
61066877 27572659 23562424
94823157 24641410 33909176
30727492 59150083 65600257
80301044 50507605 9205042
43311313 89863419 90969912
51418249 96009138 65942300
98185380 10615689 3925059
69129227 83633210 9945723
9758905 90485669 10613807
70815044 468635 33091511
84692617 31520500 23746354
87980492 5067180 50002633
3914925 22256376 1724352
5172900 71711219 5928126
49281894 50900535 19346491
92021022 43812825 88239189
64450358 76643579 27692666
69722694 8587960 53937482
92327976 92326546 65404573
60416739 74503137 92910571
16833148 25735794 27504657
34886135 24605754 31921889
51673127 14381381 84535444
70903628 18355520 40206259
41270695 24617365 72571444
15468609 40282344 6877612
48139623 33913216 35554916
28297322 64665358 17384408
75763435 41749448 65435691
95512399 81628442 27905424
66971816 75827306 87233498
19608434 22378181 63036139
78353959 58834532 38665937
68796029 91531932 61860300
76491500 93368629 15475986
50117979 2355300 53854995
53845896 21926466 69024970
80183444 55680901 95774386
44183375 90676814 17345396
73583173 5366282 39393867
75122979 93253400 13881109
89219700 57880958 6512057
31806866 66016581 71240367
36558444 12370994 48441458
27129010 25363151 12737031
8801234 10785036 93891783
41910430 95428730 54511807
69777372 65540168 41089917
95535264 99650440 19717724
46792565 4085510 16845949
30441391 78738385 19642405
50053409 90963853 75065069
77845451 18611240 52934872
36042907 5234463 14304303
54622862 19278106 69711889
70095847 92866508 11808741
15292440 59046163 16357859
43449277 75224497 19494416
95483130 83151415 23048022
14719082 3358834 54725511
99347243 86021638 80812395
95316453 52841928 36208151
64578094 53553069 35014338
55252092 59918484 36891626
23484080 85508176 25801204
58133338 43851545 77629315
21197538 77889956 42711670
44489651 83046443 63717019
52406569 62573129 39320190
93304678 6567385 67505206
40242886 95835658 51995804
11325189 10494247 9790706
25957314 67984472 18016182
97721705 48472432 42246074
7683859 33265006 95677267
32171648 48832804 14640242
8530423 60393999 8371384
79117506 88934105 87406747
28509842 19799180 52782798
39144222 76466895 17487906
64417089 95440087 4515572
98726858 82025507 60800811
32320628 75266278 35057100
43423018 48373221 27398332
97964591 71444728 33582644
1252706 59064212 11891077
51773309 39416349 75752048
45751672 46390050 87476288
60282013 15118635 54551544
81226645 69085173 67976255
98234574 41174410 214922
59289841 26302503 81037454
33139959 6037427 64608628
63894018 25348516 70837091
92630269 87495484 76759204
35568904 63198467 46204815
84321581 31407765 53369544
22781073 63311862 47205013
57020624 2594553 8317671
20646701 28009693 42172811
2491611 81875749 39950114
94837380 73513357 96080449
84415722 11133432 58186012
19620486 28937535 57884204
94067450 88078322 97830308
18424884 40969614 47778285
99480988 51081874 31799926
23792197 1205791 94145041
96193846 84914627 69973236
89998985 74082665 27858414
1803444 41154362 84514278
64244980 90224469 32348417
81885507 86269299 71959946
80403317 93833608 25441899
88757056 47355525 95205058
58314407 93611290 63289464
43317943 44876309 20994959
45527136 68344995 57184818
51619167 78291600 78772295
17695348 59276370 65861805
61555555 48112645 52235109
10923401 47118026 1122150
82350537 78640203 36854864
98112545 91950798 18460304
29146479 41027029 58777127
46321393 35422370 8031477
52927451 38793623 43095755
91705032 96781148 59127086
14113964 73857474 51985204
35342638 36618642 46324344
26156216 61699573 2512650
44232823 87427979 35847862
92671021 7811592 80471077
98295879 55690104 26177415
5159365 19145116 2892344
75242403 82936834 80037295
82413748 70721346 912440
83936274 73942691 4636263
61808260 29675724 92885572
56531784 92285671 89411100
13146315 4395097 48278866
55127514 7944565 38069015
69367359 44090508 47529686
7143809 21854222 61579729
92850908 69955173 80472860
2335051 84024162 93020247
61271460 45476510 40377659
17565939 12744357 48232804
7508379 98568217 25591174
34563367 48469478 74326677
48739241 93669249 25358336
47529067 5547598 30428150
65148595 36115677 35404202
74177996 94358179 41242159
37446824 31855303 98370391
46348812 78557751 73508364
53814344 47461551 43610993
9613469 75941963 79037063
74736501 52242417 68835039
22042257 24875506 6842473
65204376 86651248 46021492
48126279 55503939 90446181
46969061 54415975 9124342
43140573 18284492 15855641
73169801 7060077 89573046
89573181 8471212 74373048
23216039 79464341 512196
40652852 38583701 40057274
11359260 35108102 30658832
76888862 41631213 82357383
47169214 5614323 1040138
71539431 81027824 66575643
56194926 40702418 67456374
35414887 35920903 13992843
59859806 67143752 87357424
95213496 53111990 90713385
9748630 34158779 96945090
44296676 10362866 97626186
80837559 76263554 16065243
11245957 23172538 60076900
3728889 93787903 92515348
71484605 86314726 85410706
31951410 86930585 51687590
6652924 69978404 14288597
49946888 58627666 40805193
32620485 25819193 58161559
37047299 85114362 36727396
90099321 69929376 98470283
93357214 13753851 41974389
60689226 28078817 36852821
67410552 40084826 1458523
46124321 30224906 82886215
71774582 37788597 88968494
39320508 8004481 85086171
91517510 98982698 4578904
5322072 51495568 38907323
59419823 59336774 43219487
39996351 36648503 66155552
16846564 81127979 78139736
39847871 69114320 54382034
36705854 67560342 21674828
75297379 33587087 97269560
99507789 32987069 88129537
36566728 76676880 31679583
31691479 75960361 53252800
83895083 49506621 22748577
12134019 50318459 53583774
74674294 64872037 13565726
62714940 23246633 18818865
80903226 95015110 91867024
24747472 84210568 13963530
37823547 83438384 77338318
50138707 60927518 66651395
69708312 17876149 17350361
11500875 31771694 34076986
41978697 19642727 23677175
16032434 6113637 35817208
62750663 56966629 13485057
67639432 73827035 55682410
69336161 20113702 72529800
33999758 90313857 56575083
5214409 86333218 95028918
39348860 68024439 34960261
89206536 75302613 76365497
95368905 94463058 23029105
32019223 59540039 85112382
978036 69639980 61668245
9751469 14569775 49080610
99481158 22232171 91333385
24293743 54954368 21839215
23013188 28304529 84463494
75675222 13679548 26756452
95189845 30636543 57842216
40035189 5934159 67489476
52397102 63171460 61675205
28430893 53573989 69043497
45997049 71950991 75237028
7178477 79714881 40891051
9943891 96844637 48808744
24302601 23073743 59284520
52051392 69471883 54461950
23286379 16239015 80097753
42814944 36858798 58030848
73679340 43537032 28668571
69696664 19954695 16394962
51319288 88853949 58980116
1017953 98115525 87490348
51383062 21708336 60760060
99919656 28117269 23051289
59289721 78493659 77950620
8077377 95966729 98473474
29229441 57097481 72148323
94721817 15189949 91812076
10920336 2863505 91651667
42390705 81877022 7763246
63905273 60009867 5754862
38437313 49611157 76116367
16460438 64061018 36785266
41265605 46350851 62063287
55528550 33289618 49952760
75800070 3555483 83904081
27054698 15608549 61041993
84760974 93443577 49222934
46874480 7787579 31680511
21980111 15438180 87434602
6066155 43605776 8080914
95240636 51760586 47838637
11387664 1342238 25406464
20949763 93588627 15948081
84246880 29308445 23039890
45632404 46003686 82616603
26874191 99133664 44188946
96170719 18849062 46807481
18771154 29178049 85229095
24755620 36942827 65420197
81665194 13124243 6478859
46207376 38064565 73468640
72078116 35378682 96979054
14732367 9767423 84741780
73660774 59149938 80501949
3858539 93798385 28462985
99722965 89843129 30077430
9674794 52907109 60144168
18781799 45342453 53763052
84672829 18519889 66568684
34693288 33265458 41040389
96223447 19544020 70678342
13364323 41546003 87166388
58135773 3256014 28147153
47710453 23774390 57690348
1038370 27039730 92215466
7829700 74274576 228116
3829823 57450109 65504751
3307927 74407570 73403362
25899288 41970774 45316061
99768930 62577706 47094135
62789067 28732117 7332896
17672655 20222847 65963072
97187077 84231180 71843282
14105317 46794624 2300187
86539317 60271590 70062889
53520205 37942599 16570296
71753651 94155795 34051954
45472383 19456320 27736807
55870444 16016124 746277
4509701 29031781 84134908
23787589 7923857 51604772
81285190 26797806 41885226
15633931 21027908 67834782
55978746 6726768 46257497
79184797 16178575 24141239
5774679 90826085 79500082
27696413 7828434 88926392
77397916 52547826 75620442
74528622 84496970 68102074
75728275 24728852 86804051
77679563 40552248 63543849
19386977 84901350 42093162
8242704 27546291 51859928
24529122 61712992 85827513
6153217 9432596 18440070
63299175 91398764 47077716
40616801 77257396 27864988
97658018 50119033 87246042
50239125 62937786 41689193
29367106 61099048 52220555
12684205 37771049 37756163
52226215 5069892 71817942
93344794 47588912 44082652
40625124 10810092 81933320
6623473 35067845 7744009
50180833 31671359 37084783
45442145 4796158 83399922
52638080 42963795 23286836
68397049 58500897 55034284
51810247 46916474 90034422
31031003 2096244 56853427
22262806 97184541 50517054
4298541 90807507 26384576
38524592 10532594 33831829
96767319 18990862 67904167
45838685 45555006 74923375
24716569 555769 66549732
89365590 62614121 79248415
48440787 35748831 45470974
36260025 84677022 4510890
93974985 246113 28156367
50527770 90613883 22076395
16010417 46983634 94167892
32869985 43066353 99766157
12426078 91488785 24423756
98118625 71922708 39752365
57917293 27762984 16026654
77452726 12706761 6861368
25057206 2628365 68851137
94856252 72882329 20161696
49264070 67507974 39675450
96033429 44892995 4279265
30928453 97346764 49089431
39137820 71102893 7388081
81884952 51631964 66164750
10218897 5197171 52038284
82014766 70713712 80479175
79569359 73118172 28020205
83322056 113296 21530097
88848699 53883515 85919780
62295403 32525163 37348665
89087578 89207201 50452144
9261533 55775511 69984139
65060360 65693799 59133012
61549563 6557764 41427860
87594270 86175887 38674502
9826039 71136223 63903449
88552299 34490492 53386374
65034174 60653093 90814723
29035784 44591240 23394828
21195587 59547911 39900896
68595762 5938917 58296493
13808286 494214 13360900
881520 93850623 78881446
31582793 29001313 16106751
92053396 14327580 24796696
44151772 49316196 5594635
44525897 41572530 81240140
99791694 67860596 83265097
40932318 48162798 8724746
10868449 43102669 79238904
94677816 40827103 26102873
37597616 4944795 82881302
60791435 12982602 37751964
7714324 58597474 11878077
47942696 25021207 25094709
54909551 91058063 71534694
8516241 8728187 42041469
8855287 10364514 82984585
3773429 66838857 64155192
83741395 90578133 12808889
25244252 37853307 32546453
88230850 57676442 94710327
42442563 75939646 32031930
20659253 31032087 94610381
65776887 60688637 30741030
81919141 74084880 49246538
68969790 83265468 78625299
50707658 10828565 57761840
22411623 92201518 81450796
55929418 24093537 17586617
29922419 87462081 86654047
46676543 28092868 39155512
73619345 54773057 33144489
4994209 638810 77928604
53757536 66304806 67981955
14505636 59169494 66993456
83531634 54423761 75653196
88283868 38804905 19667963
66877664 50150717 49366673
66352894 56507475 15873999
87605729 85406380 89484040
95101286 71949148 3086244
4250097 50992711 70255428
49953787 74071709 47128159
21207832 72129381 54183160
2558264 56550204 33523285
73708214 71923969 88446811
9616009 21389571 7397238
27994806 63051165 83077504
22090267 97578241 70247710
16198034 74138146 23162900
63248486 68353820 8129171
58298824 8842350 96732490
44125561 54810276 62682205
79608005 67715735 46071362
5537850 3498116 94595946
99404488 10543361 44756627
20243979 28858571 36811061
15442807 97437684 84481207
41253446 72479279 98016173
1863611 91567550 80827138
95177575 73658108 88151803
91320371 30160724 47748571
38704479 91644521 25414412
39975594 22081700 93176735
455289 14649368 35479577
42954983 28033672 373393
61309611 96578461 88460164
84289976 61073314 87447325
36968261 75997827 71085716
22462609 53827560 83461570
57665823 70469553 62882869
88920164 99735678 6584027
69017514 75586708 79608706
92084681 50483026 40481825
90213258 88305525 87938325
99783900 45426833 35127646
95501374 64978403 5358474
6046340 67543800 46860919
72041925 7223237 52227562
70087980 80787081 73512195
32776380 70666668 27146395
8989893 19113406 84097636
89779624 49900266 70494916
92122650 49836104 2446815
67108490 66722518 35225350
20011389 54610259 62438395
69737981 53323774 55336398
18169617 70354623 29086910
8666814 88390536 53436467
35633212 39654637 28511297
70030828 88547977 51003532
61998459 14406296 65419841
42738867 67462622 8839935
4994890 10537529 48101735
21472650 52796963 46168288
15419060 52900833 94721913
34425045 23550147 25964013
58347094 62115474 57083694
31845902 44580819 50735356
36972235 23332896 16303379
17905111 87317780 31072869
58405199 58089152 56601664
73797993 33052741 56692520
5034207 26081519 34047751
38234082 86192204 23097165
36073288 9833526 29418954
58164386 42592910 32644381
57893726 46488665 73388245
64228680 40346812 49848537
28163475 41198504 25662310
65041569 64444026 7336255
50011725 80339077 38721247
17633611 58365373 39557912
8274076 79680220 20382632
56877871 27387339 15748317
95395800 44440033 28955884
84176614 56126213 48880764
32784932 36816305 59242993
1780532 85013462 50902339
64410195 29260170 65819880
13402617 96512778 96872865
90644110 63557079 8687384
23737776 66731489 32498084
45471329 74962898 57850624
45586291 84102673 17884678
53001644 44272683 19378415
37956451 26422126 74615596
45426484 23924146 30107944
95453464 45606566 76393917
64085353 52728415 5995215
1063992 54227501 60802499
3529303 48642785 3384006
49563975 88853735 42792266
78783905 52083565 16293390
64058184 69967876 10310646
26687858 19075386 32454155
11302167 3890307 27939477
54807940 86318930 43811519
45499041 58696950 26176139
79212646 55915911 49269405
50431719 44890101 75209909
56951277 68191682 24237694
67820253 48500773 36358833
69880919 43515715 58027562
50665592 99318624 67377479
4125519 85169939 81305123
57977208 4063085 27551087
60510070 30793339 82863849
87477357 181553 27331049
69555980 82794177 69047315
94273160 59580380 65691967
13963641 27947959 88536889
50838746 94373433 5649500
78924423 82768258 54672212
96625105 3734040 41211601
25118245 86031516 69902644
87122878 93460693 33457730
54649935 4017652 18558402
33162998 26805374 94821978
64652306 60280744 4208736
1661774 17627371 21817669
42399182 5096922 98733614
39795366 37499509 36043699
51220940 19632762 51255812
4492777 70537089 97658290
20937159 77760164 93540816
16017851 39542341 93628437
30081293 99582001 15118597
92415458 69858768 21742316
29600171 60164389 62714454
79978293 85488646 63600652
99703109 28059867 9088190
86505921 35745796 20501113
45609767 86893987 29587981
80298091 53357718 90151863
16510174 62352932 1236343
74919734 97237242 49948859
15876670 6105619 99154217
46057968 55199228 32619620
9559255 4329980 31752767
64547017 50085482 97962722
65445422 15445308 85507446
99006322 36284307 20848621
26445200 13627170 16504951
76201933 16161465 44671100
16794635 33438063 15760960
61647690 44008017 42480098
12302611 75834572 7992785
27362417 34993334 19277513
60891625 86378605 74779303
13782090 14430570 88913208
61034377 97606230 44560766
63686753 643145 69573939
3969023 80940476 64083690
5738408 5979012 12250479
1196637 14110869 58429134
44964483 10757777 42299339
4684934 83587579 20351069
10502394 41102928 65257100
62314656 48661976 24980086
10903514 49301821 59924122
49986535 45530365 53868144
21824700 72293707 92507654
52818269 61931453 83768364
2333880 27390252 89568831
12490970 39576125 15203146
84741712 99527829 25983500
18256907 39264860 73390346
5987662 87866682 46767112
59731733 19113028 86805522
92888748 50069186 34381479
12609859 77313037 46485208
23961326 85748506 57010337
32934568 15958878 4698603
52391878 88896057 91659486
51001912 44232538 79599275
59965665 79229829 48643723
92163980 6147606 79487348
21946250 48313394 10710789
63727162 5359359 28706414
54313666 90176684 77167011
8682950 14609758 87596970
15516998 34249240 27498276
22165722 4408369 96047643
4158154 84933906 1600088
52283440 47411241 35683207
60870155 54307852 75657230
60669639 85315081 30870723
3104418 19250980 12035507
73960728 67339917 30614232
89891404 12913230 7124621
22730401 72421495 29150587
55555205 78523409 34460452
9348186 73004135 71905800
69612169 36613533 28903159
75958174 29062159 21888314
83635990 46763338 38522887
97770210 3989170 34963418
21714021 9045404 56635393
67164411 26278534 53583463
56116483 87775242 49398213
64825442 43182272 27262970
15213242 52279283 65272327
95587409 76236080 70399809
2010698 4624107 62640886
69476378 61749664 88361810
58762616 30350671 32991983
42448775 13111216 26022096
37462247 81498665 70923876
47844644 86129953 10536906
18677979 29310681 53943685
43607188 49553325 35556297
2213933 41810240 3781424
98775010 76265912 23132375
11942832 76737203 40927689
77037904 89572034 93861640
20252444 98982181 47835506
89038182 38281809 20391597
42772762 35131900 57188424
8513112 83244788 11748256
30408108 77986086 9111124
55958544 46683640 8290391
63483831 46339187 43939970
65826983 8952582 77113981
63389257 31837585 26654139
5502719 97850767 52900506
643224 95691315 95002607
79588830 76580420 94039524
26843129 8693930 51342570
14713092 14501718 79076953
27743058 25102707 16537792
564878 69475838 16664145
42565750 44304624 55184812
81486323 15321163 9243040
58456593 73601126 98115477
65775271 41383504 76401943
43363162 11299057 29237118
26384346 78591280 94958761
56231864 94194695 37347990
56783978 6362167 55721921
39631163 67638303 68309517
94366610 29902780 91659820
88951320 4812516 65937238
97509149 55106413 5873336
7766774 37309776 12804287
25447857 37267233 81868631
50543242 11581793 85256982
22116812 64242847 66478108
14507170 71012647 98085979
7570156 15950836 64687953
36551590 69021300 48818984
28077376 7128246 98869939
81881835 15165367 9899979
91824044 80920581 70948332
3548587 19851692 66715134
12156625 52059754 75566496
71446486 95484481 85639380
86984046 31039714 75784669
32227124 41708232 47826563
29434118 72821132 11213174
97226897 39609000 40496660
91121554 92866245 77309996
25219770 24481071 72981336
72635452 1770075 28340055
9077337 426096 32849276
6738445 74362452 76208094
94351613 15209293 66022591
63199919 9082767 65821543
66596323 30363403 77397626
90776841 27730286 32909279
12660326 77621028 83616211
97819592 31033282 48830358
18712928 98922453 58475627
44114732 43674393 78867512
21258495 93417407 5241574
87121981 52194586 47977295
18697361 87007322 1615284
6916477 68289910 24754519
24158297 82105135 1637610
90709117 87617168 24138571
65230359 25542278 23636513
32606683 96443228 90207132
22707822 52896227 4832972
94810797 58329287 33979824
75555161 82618523 94727692
31024267 80992467 63597831
42011107 71260747 87107290
3227414 26906818 23451398
1496791 52036805 86800816
60747047 69892520 34188961
5074312 49638887 42435518
35204086 19022350 37121618
14554793 54347533 94520619
48969762 9699709 34749154
77067473 98482602 38945740
75592749 66172175 74101330
5170570 17958309 2100311
78991498 74002660 69867640
91021449 22832697 6216103
43798064 7788761 13506989
37793970 86619590 68825639
43140753 44824629 8371
48167529 88419090 84857930
42496514 85867625 31292279
68804978 63254803 66420622
57292983 56268076 23641265
83355137 97731045 87312646
53665007 97037056 14345769
8040669 47716767 756751
21449425 63661202 96616361
70828437 24415092 21766070
91367538 84652078 69917655
92626474 64114109 43803504
50278853 40066114 30828897
77902459 90940265 81157443
72932882 76175536 70337332
59960761 54779554 38641173
45254292 19103642 77473242
12075886 10808927 26301624
56790195 29899303 11451982
37698757 114115 1794672
69445820 93647141 74529253
25044768 34189583 80084289
75358807 33224876 3789486
63841552 65683724 59647293
14655532 59365261 14079816
74284748 40392279 36404056
73069918 15103719 21725190
90435951 20211543 86700788
66104335 42158363 29425582
51516201 53031767 39161346
43454063 23649664 32400000
18870407 44514303 62903920
3595204 47132994 16785750
22604126 89936239 52566106
78113137 51829169 86166319
42004675 5670795 63135169
59052181 58814173 58866051
95758975 47813384 49373756
73758533 82787481 46855541
30589811 15692977 63164445
61162273 58826710 95729968
75637952 66076622 30216472
5545123 73121306 25862629
77050164 68061597 59034486
36154097 60549089 54422413
3336151 26265859 15987209
24008751 72248430 58039883
83454361 20868452 5313021
95183921 26895171 80079478
3488339 72754653 26296011
20862563 83086346 39281783
78961153 70126678 7159451
17638791 28300351 26495118
65626140 38451002 25102018
49864444 38714758 79808769
47365423 86344206 58457239
42821358 43873834 73359388
2324282 38560666 58017840
38058172 3446772 14506754
90740796 95976905 75945118
23297725 46550766 73140978
8437629 9990225 35558030
50594730 76974793 24058652
95828423 31100458 93671635
78567161 93572487 44328871
66540369 70078758 82242447
31139211 88107396 60002944
46070080 65220929 95978729
26817432 72364097 12223931
53273173 33129304 1727155
59268130 74079210 37723741
69635757 7118763 77877928
90103361 38967275 26102418
88749912 32239206 87606637
30342407 49202667 89683480
622420 88024952 89214713
77164418 35651334 75166906
96011252 917343 34041156
48350825 77144499 24194524
19976288 46133010 85869702
93955373 34937221 97955009
80222852 28848159 65057341
76048778 94835554 94697308
6931700 58980195 57038968
80987258 44294970 3956638
50730151 24261150 72445330
73007156 38339329 54829263
30116715 69900212 65617216
42817945 6011993 17350175
21735188 82832947 63991709
94717737 10886262 91861091
97914767 7044698 52461197
80813609 73272799 61110689
61370948 41790230 57271088
39434461 21664571 74844040
39430360 78488679 28320734
15772351 96093799 27454203
79155740 28318331 92179810
80626028 11325688 7999850
71651785 69746858 8231576
18997259 61264073 66376058
94677075 69569949 99344932
52999446 87763974 83652580
77245195 49090209 15470231
418619 3305360 31651515
52090006 96532481 53907998
28071596 37470456 62368031
10887907 88637191 61143758
59588587 24621683 2067021
52440934 84861265 10978200
9939344 84788108 95059377
86264904 59949939 90561527
8741493 87178551 1435642
67519244 39095280 93005119
92153363 81418643 17766305
54082364 81400911 82780607
53609342 1740771 5986715
6661729 60620399 92668915
32458021 58591245 85088311
72330304 34390285 32998436
97131611 59539947 27070278
41108429 29734195 2266724
5021779 87059676 45339079
72885154 1337414 66148745
45446571 31540938 58616998
29856071 41706687 99154673
92633785 16032368 41038151
13890999 24244978 15337725
88443195 26410276 24158748
76485667 71161734 65268497
25898625 58554353 77634376
62051342 3591020 44311090
57626799 71663817 70843209
16292566 51960920 68853330
99939050 45514858 34640532
45980127 58395225 8235393
68337256 48473628 45836356
38541041 11364165 4114848
79141098 25372715 67260506
94584798 73939431 99912831
64960112 68653759 3944610
73480102 752318 94707767
74549307 21181777 1753695
82884459 23559882 83258265
43027933 37192233 30861623
47344722 95088244 96332312
3221621 54147547 35476231
12931616 61030252 29128196
79299321 63514358 71516117
5774856 84376373 73690897
66119865 29099113 5663297
52063003 58992667 50343466
81947267 91326351 65739182
3483594 33466099 95903563
9312054 92209998 91085208
5043368 73184303 77951183
65025784 45775609 92000195
92837182 58591288 6493143
82804390 82788350 21732459
57042028 39681819 45964163
20029251 16340727 46069449
41379729 99099315 90229164
92024913 6990750 39746348
36083346 67644303 61304518
80615805 24253671 40997862
930785 34799158 33305331
72578838 54511431 90956272
94271928 73473651 82428252
91079981 833649 41744386
90273491 87931807 98310731
35012896 263353 93930925
6574628 37318580 94094428
62172590 84261139 65045601
84014507 81689382 81841530
3434003 61689635 62238684
34000007 97463785 91420412
14287099 28449086 88148310
36750512 10286375 12693516
59363536 69186188 18552852
67270234 13464824 92066605
92273703 79452401 99582507
94489321 71923104 98149583
26536339 20498996 46619385
6781479 29473503 71892395
21464078 40219095 69949873
91075460 67712431 27867627
19762109 28181680 49541414
1517037 88569068 15322192
27801165 39926101 66417327
97043601 63033152 69469279
53563619 8314760 80710909
44721634 1051554 19984629
33124681 87714905 40120107
90261589 17926298 31390468
96796363 31871661 1450355
18311567 47107867 80060124
57372641 95629018 16481963
86021533 93248951 17833812
74199999 56556270 99795286
18926719 25093767 47698453
62346461 39636032 43672927
94472440 71051889 85781044
83946228 18322188 134638
23033093 23452572 87036115
26689524 7045361 98776607
87421585 8913815 72468486
3996268 27479322 33607171
86823133 14916991 90011955
53310108 75359240 75804436
64467006 76488560 21114930
13999554 46736983 36659708
25218905 40258310 75060382
17315722 86783619 63466948
14925708 44880229 53998936
10047728 1385003 19483804
83264973 20711315 94099774
81289452 96962727 92475610
39574335 59991651 33002042
75065181 80316507 42270668
54804598 16556471 19328653
60410342 84465825 67593678
88746095 25077388 49657777
82214618 56520233 92426865
32750722 80585153 33625739
64695501 15148482 16769197
52714072 85004900 59786284
77217004 67136867 71880973
16597914 52101 12451130
58167612 24881138 29223690
83288254 14778631 60972371
58836332 16459718 88056972
12294567 9305275 45784943
72531824 26806894 16019160
40071002 2884870 52666239
87619063 76068142 98097171
34780479 51644738 85416944
52750969 31227417 70983791
10238591 9012313 20554391
33734759 78421278 77613776
77212459 10833076 25752326
98968977 79741908 33548422
74451648 59633459 81279668
51678290 3518578 50932600
2852079 63413945 58883026
55709825 69724644 46737164
78163997 41557925 54815301
62554293 64754603 41154260
97249239 20409974 8016660
60284232 89021312 72206966
47744014 62704646 28172841
38914022 25128285 68390564
44729002 26691652 87332738
65504682 28770429 18070424
41616347 63567818 33184887
31280965 52890943 49388082
45094982 33298639 27105123
80739846 27236974 57522712
81341356 28243233 78130711
64938745 14189552 88717227
46991095 41165970 75343121
50789721 28187288 32409303
50716408 38462818 6186981
5244587 28505726 72964966
85410108 80050613 45712534
48373815 48972104 66985977
58417291 22669444 29763418
74321742 446061 31151369
66545142 28902711 47250859
55247435 2719729 86689628
10051696 78950568 71463842
91633004 65133018 91830962
99164547 26537684 31662079
37281499 6479419 95684137
12083994 92326671 98893897
21333740 6457556 94895122
29185153 31618931 54926599
8166774 58427191 69107427
27724232 72231136 98499655
75859877 99962821 77700952
12591968 67390954 71220032
36494369 2438693 47790263
44195568 31038169 92850564
34395607 40811859 71029942
43085626 72006477 84421834
98867794 73205570 24021189
2853731 98987156 4471544
31129761 42814954 87423783
31325357 62060857 22763005
91539901 78556197 2103582
411998 8319875 4878698
36746602 39888366 89515936
19106613 98074581 40395187
11021857 77242890 3239226
7851470 93834370 63531364
5540491 2098895 62182506
84142312 78875637 79472557
89413672 18742962 11574031
66722838 42174436 44540972
99349859 21496285 20430318
38865154 55406118 35575833
48681422 44087178 13256560
14633414 31469151 99422032
70033780 64141609 84875287
15150213 6290938 20799467
1130633 17928999 49164656
74459805 27793124 78328201
31535813 5238841 94464938
14827261 53572092 62489696
59999842 78018172 31519954
81713395 50274961 25147902
46092699 45097729 98174406
77969787 35937175 27495228
45971933 83718366 66802135
68328002 43457763 35268034
27657655 75302433 20662434
76415338 68285445 44487231
1974144 91003448 87644948
64936249 6538898 8081252
7640121 48919692 29933766
5094510 3767583 47529947
7805126 37228079 88488731
8141704 84135013 14940885
57620226 83750573 87251778
79839791 5599974 54271368
74046213 9462960 58079370
9665536 8715430 6391282
34388429 58023460 81828151
67606641 35093694 19566642
27833239 72915261 71598577
53383343 67666613 35661462
9900141 44419975 81130182
82855807 11818445 6138615
45851221 48426192 47576331
34032330 42834981 99132930
48436048 82794041 62271536
38153246 94723688 99812653
69254424 85641202 79938474
67513332 64391591 49102668
2731550 20110770 42211112
61862961 82210594 35472857
1748834 69711144 98398924
18430577 6121990 74711534
69838988 21977904 8347080
44576606 46255099 51047634
4030262 99818331 3025301
82766281 65691996 13122174
70107028 20276490 64894718
36099544 81979325 15649120
33176350 75684554 35146985
82255701 63604682 72247441
64015292 9173565 89775949
13299788 94122172 395134
84559691 90722482 19425652
10696835 17386183 35479574
28329581 60886030 92249134
18123426 51629158 25241833
20922061 54290960 27724633
14769625 71134513 5557660
83472497 16087046 70175338
89937315 28231251 38338016
18889806 26631947 77899069
9024087 81722200 83245934
73913718 77542527 71409556
11579 71540669 6787462
4563725 51481850 30007047
46115823 52953871 90629125
26969976 67624848 20014880
38243844 33609921 92487044
30108289 8050529 34367817
45563879 97136045 5879373
17324329 21681114 36358679
29917747 19728026 87399828
1058573 6162150 63451358
5653879 73097606 99024656
28645870 51139292 1046421
21042272 94204436 72766926
33830835 60873133 36322334
96710892 24120875 62525142
31137033 28608137 48674360
49878444 20656056 35220204
29283715 45426259 66105722
10929665 47204470 41637269
29028589 87035913 79270268
96507621 83617932 59836428
65761770 97105095 52480013
34832118 46958353 33440500
97985204 73217027 26586927
64113063 24383486 95466026
24336489 2225622 33173991
95090223 13005887 46712298
39995176 12631409 60373425
81017720 98182995 32919830
17269228 36928861 5835777
58723049 43714843 54448875
95529735 39045463 37205426
70259950 25622479 62131398
26697323 76774044 87552969
74287843 26126315 63357348
16370670 79362875 9904737
1593766 54102567 10646995
90385022 89554451 96564020
75688749 87693429 45182023
56653821 17159939 14328726
22266876 6626636 30204520
55996695 46323654 17871313
79109440 22555505 80573926
47960963 32940658 37449887
64475134 89986884 19786930
72838604 77500557 60305743
83166970 9010337 9475674
86345386 24469665 7501453
6713210 99348790 7052246
17599456 60745805 73374087
11261903 13411311 1649149
13178114 42974214 28289775
10762981 81839192 21831573
61794098 72262167 54708904
32537546 50207836 99045442
6583689 12835068 80903859
50173317 82068180 26489438
56437964 91855573 64881061
67231076 95650897 99509279
63233079 70731301 15480427
22128867 91590060 32110140
62941308 78154329 89561218
91067493 60361427 43217998
16003422 61253709 13624574
25234174 54577224 13989335
75026665 94434409 88627243
22601741 44891048 4285308
66405256 65191152 79809551
97419036 82172244 78465305
88925180 51584894 58066895
25765635 55924355 83247824
94014988 14962537 14764989
88620385 82265225 42955185
36198771 56929792 31186496
49172213 7962855 1810546
45246490 11731385 59285808
27770917 96720309 59997311
28637018 19025254 49240131
24481304 99128210 48028470
94413071 48837995 52839158
93657867 72092261 65767346
88271521 67620170 50784869
12425968 26127957 73396668
45557252 71388130 61817021
26683727 68136537 27988492
42025283 26060159 66727655
57670533 34818212 91207272
47155168 4977023 75631400
58352961 38886899 57427542
35074483 38694189 56785067
58388692 24425895 34617962
69901951 65815789 56406715
25091840 87964943 47501219
25606627 23809999 79928616
49299626 9919098 41892768
86908246 88971988 66087832
20840127 70733453 90093700
96755871 41301439 93175243
64252855 16405482 25978367
55085116 38782495 90637893
