74967330 1786998 35238552
31043105 54128331 2506885
64634839 82210884 35757503
68323705 82217283 37841000
14466989 16853824 49798087
39556119 46708449 76859513
99094397 58492910 5822031
21906459 26659872 23167947
62592194 87965529 17399381
8406091 8391331 76996434
62794366 23037254 69811352
42787122 32940658 10634910
62376789 57549000 31323582
1676568 72104719 3157023
32705489 74779026 86136400
17139650 91498840 71314776
30156685 49709781 73699979
40149635 82442359 59450319
8636910 79366517 15966965
72694679 6629597 57739199
68854380 84685184 95514320
42791071 10118211 77273730
19363118 64868622 4188912
63978663 24442329 4096009
83043121 76790960 88154313
45932319 57770477 60136837
67332956 10872185 76056162
25887419 16530659 63186490
86961487 22577993 31692974
11191507 42204762 39683724
27317103 42707155 60148868
12870706 96051875 68095816
4017750 53563270 46611723
91964441 9254047 91697567
84457575 28496550 70474685
4497268 2440924 38375484
21899701 84194720 11726106
41647637 96931578 88459594
52365639 91968233 43547196
5917988 36734528 35031487
49845881 85864159 30789005
25862578 89442895 47911032
88178671 37883892 98574638
71801551 99553102 83352971
62456452 87378497 96088607
15431128 82362010 79723716
57857651 61814077 68339186
4209642 64972900 10789879
83976098 65190398 47723094
22780943 13556824 65513388
90347429 7110433 8756389
79637063 6351932 64995099
12669005 25037354 95218799
67447746 21694904 75747797
52527038 35181556 8620321
71189350 71317795 88136210
82869759 79246315 76981538
69342540 32287051 24091379
9772171 52081514 83379831
72353433 84307012 70129402
54499164 75280982 96325919
99694517 31111339 65455339
73983777 64724940 76605061
20903575 15781965 51533326
57794078 56705539 32324292
3297338 36183147 67088207
84582331 64149196 89228181
79070360 60054103 51281765
40447259 93945751 4666717
52743930 50059390 1783051
57112686 26946786 51118188
65128942 79322219 54621953
65887369 80656158 276405
27945705 17272691 38339727
26733734 57139913 7448821
87737127 63219438 89628759
23619248 27586378 99322320
24745023 10647221 66796056
11282411 72865245 69302239
97081814 5533796 65458147
70633797 23766125 97934997
38573891 79091918 12926490
41407422 30407451 31531967
26721777 40966581 72160591
11453394 16734325 24461523
95255176 87967295 3676402
15317374 3264524 61774042
303407 16577994 47997771
73179176 14337763 72946371
85037455 20957397 81774898
42268890 68093028 79244737
10809471 56516357 52713276
83459925 87639550 72789464
93967567 17720673 5411778
46177362 31541902 73466726
50634558 46225309 77371964
19725811 76579042 7890212
74065011 7973324 14997315
71198131 23192994 89224109
53827021 93395136 34105921
21742493 18270489 9212126
3342231 4419907 37485366
15320287 25153494 75382924
85043932 8391028 86642156
24205042 69449582 26774389
95967053 55105701 36319427
59482947 85969763 31621366
88235749 5741584 48691724
42533229 66878536 52099310
99189386 87243502 93454973
51962320 43840128 95327693
1866483 93120075 48639226
10657849 52477346 41551674
31246891 58342181 7031044
68748848 84255562 86514680
92577789 13247648 14714768
1280114 60992847 55950330
58062702 98089742 40132368
48531930 17240283 44079216
92519677 77231741 14252144
3665801 39530555 92768825
67750671 63372949 1434455
85680829 29475566 83207596
90876188 73745896 22684726
52887125 80657456 32211962
16622087 64213360 95343861
26617366 90918022 83493639
31203356 45386933 94791575
30621394 7256782 90528171
69277360 17023480 54102846
58674316 8465127 98983283
52688012 12765386 48372880
11250574 86820499 29611651
54094358 95443635 21091934
24952602 94319313 43581944
26712995 37293665 19146979
86903146 53729138 24767163
89825354 30754057 31180295
58787188 64307406 41747675
6710349 53699818 43448233
6360773 52479147 64778080
56910051 90993153 56266063
33879170 96272371 4118478
29503151 47406380 80115694
97382518 21596127 83769035
65196376 56849413 92528971
48147899 17603526 61790528
47364418 37525872 80498229
43956624 70153910 20025915
26610922 16920851 85065239
55187130 72972989 96829755
44775001 91905788 69726715
13601974 92443414 70751629
53011426 30245649 28006219
28396220 62027052 66883268
56501861 82979893 96052744
43137496 92793861 74894774
94332009 15387735 81690854
52181814 98966271 7303849
82546032 56804016 37348942
23841483 41550689 19137673
5095285 77056389 89354390
59696388 51052668 69739202
94860311 47514904 14335952
99222177 1800957 29991760
35970227 18309697 24513226
54524338 23639547 34151582
71799035 9698578 39474546
45674910 88183111 84266265
71284733 21409045 1467093
73462843 77081805 22704209
4978499 2507553 90613459
51141584 31934025 82836383
26161917 14885520 46165676
85269712 23405399 90675501
99487855 33097104 96441187
53292845 38444886 43882510
55619237 32288416 76773200
55342121 3950013 79632043
3353399 90970504 1106354
94645427 10357433 78851291
86550302 50628350 87831171
45867497 68669972 18803593
13130508 68931762 84593647
95835013 94273676 83031638
3567392 55348073 27974502
21065838 51571806 66304889
69781083 91272390 44455169
69341537 24507980 47575860
80666206 16957532 46271835
38248535 48673419 71331990
50879057 20766432 67508403
61552405 25447442 90041239
58008427 80875341 71796672
94034318 1330692 39901746
10730867 80128675 85931141
89679600 14676700 28740022
98045491 87684247 42607604
86817877 79377336 91362985
30438112 98697806 31279908
94961694 52982633 21149129
15829060 24228340 64263642
78401184 43017169 31833784
71067011 70892861 58398817
33541498 71885936 35639620
8059822 80863725 84419298
71578534 68934051 81001931
98075329 15000743 49984968
10835901 84803266 51920840
39559709 27770397 56667889
20932450 50385767 84751110
90665379 93966201 54966213
63066323 80311080 83080115
76408595 82930579 99269341
55013534 71947831 20538449
74124612 10559987 32961568
8715525 12890662 16302009
93227801 73422841 48301105
69650169 8694399 5407555
69670793 72435101 12424348
76293989 89424534 46722795
18198753 4229028 47879576
63196952 73263451 91971045
37650676 53109194 12833334
29862803 9749411 21831063
99640551 56686449 90801222
28895055 62308979 75736459
29102996 9364809 18385752
98145767 763615 83131637
18073377 11542287 90968540
4544566 44563069 76068512
55913800 25371818 73955892
4867392 80145847 93933866
43510270 39900286 5952684
8754197 80372347 4502174
81293288 69799557 68760979
6105113 19614108 52306970
35147242 92624685 31874556
19725615 65840560 92447138
46038466 22983130 33869604
2408221 84426347 51858535
4146257 74962235 65610433
84070276 2815464 18348997
85269778 53219118 96693219
65227860 50295092 24119844
8026243 74596658 78433603
35305528 76089765 4334908
93990081 2863703 66728323
27488103 3726007 77859215
22861045 57729400 14816820
48701511 78421339 32304551
29894566 99214298 10296075
6671236 88744893 34417801
20670606 40136602 28165516
82833336 31558338 22963530
46796670 21369874 21776118
8131703 15711799 604916
45033499 94406891 49701523
89481211 62412424 18588912
20786336 17520545 20263470
56343959 75025374 90392778
45841043 11391652 40268545
39451616 55665613 90929970
6528036 10479547 53943655
84659146 44877400 31657826
18287573 45776593 37517180
61004090 58235838 89198706
89591471 85347063 68583518
130682 1786529 52713341
79261117 37717997 27396142
95610578 7577044 23917175
89656357 96255860 36815623
32513552 60565216 95399706
63291534 67850832 12403648
13893243 87051447 66201316
19794727 27337341 40909476
60868465 45550312 16637497
60174728 88144295 4990105
29142113 78861 8677717
66641914 84093222 63155826
40572209 67398746 16974351
62598733 66270313 44154665
38820793 30782279 32119393
68233632 53967269 59752670
97482386 29867652 29411300
51323443 29455865 62717865
91185311 10133968 97167682
62828834 58309449 43121950
63685608 56810377 95641001
3270909 56456660 42701196
90627016 33488998 97142774
69945698 96455073 44657854
57937789 67569385 29893970
6436479 88877414 4740322
7585149 69747313 22723510
71869357 75158883 74136313
68171464 25112902 50980115
13711636 92317710 63488177
86628109 9736687 62231344
20167930 27606493 18438176
10205320 26507879 51896599
96342634 84524834 37150980
24436242 34260147 26671071
96426922 23378129 71343071
47556387 47102105 42204416
57524923 61679939 41568942
48256293 22570644 97794653
1427292 53993332 99268203
57311810 22732549 76371052
66514964 74810116 41861850
